227
130
55
42
149
155
51
24
243
194
150
6
164
85
15
157
251
146
26
81
125
123
70
173
259
152
248
13
214
230
71
159
209
264
136
94
137
178
253
215
216
43
151
144
79
10
203
229
185
88
105
68
32
69
28
240
112
141
180
34
114
226
228
18
258
4
249
201
128
147
9
163
196
30
7
82
67
49
225
40
241
2
191
153
222
212
195
50
179
221
189
47
107
193
109
245
22
205
14
188
23
1
260
217
263
52
255
3
101
57
208
200
41
207
115
247
75
65
254
224
38
63
62
213
256
167
183
99
181
48
238
190
134
231
73
176
242
61
58
156
206
84
202
11
219
252
17
237
36
37
162
233
76
127
244
160
29
198
186
100
119
168
177
74
56
54
53
140
95
20
174
165
192
261
143
232
12
25
21
265
139
197
124
27
92
108
166
106
218
138
220
204
175
64
154
120
118
8
77
89
142
135
59
169
182
246
161
45
72
211
121
116
223
33
66
87
31
234
250
117
122
83
170
210
113
171
97
131
235
102
148
5
133
132
262
90
16
187
96
19
236
111
145
35
93
80
257
158
184
98
44
126
129
46
172
39
78
86
91
60
239