111
232
154
133
141
213
218
220
253
234
40
94
239
21
29
98
135
118
16
55
78
247
255
30
33
87
113
147
38
13
122
124
134
195
172
47
65
71
116
194
233
17
191
28
81
128
3
7
123
157
203
32
52
101
173
196
257
201
153
169
143
41
108
178
192
208
217
263
214
105
43
107
163
261
42
69
185
144
44
199
166
227
180
264
23
72
34
6
95
146
155
237
243
256
206
249
18
216
14
66
76
112
168
5
109
54
85
236
12
115
140
193
260
15
24
4
228
84
204
209
224
68
156
181
242
258
97
182
188
205
96
176
59
86
117
165
79
62
27
131
145
200
19
102
129
202
223
162
20
60
48
75
136
250
2
51
88
64
225
161
22
35
93
238
91
177
184
89
231
259
130
175
212
251
132
240
99
53
67
74
50
100
138
183
222
119
159
160
210
151
265
152
197
230
211
36
39
56
77
150
170
187
10
121
127
120
198
235
254
246
25
63
189
158
46
49
139
179
244
11
9
167
171
226
252
229
262
73
45
57
90
219
241
221
245
31
37
82
106
207
125
8
148
26
58
190
248
114
80
92
149
215
186
142
164
61
70
83
126
1
137
174